result:
            PROJECT STATS            
Project Duration

ans =

   3.7750e+05

Project Cost

ans =

   3.6832e+10

Project Overwork

ans =

     0

employees dedication to this project tasks/day
x8 hrs
    0.0530    0.3121    0.5717    0.9386    0.3032    0.4098    0.3062    0.1710    0.0395    0.4269
    0.4762    0.3179    0.1850    0.1325    1.0924    0.1179    0.2126    0.5866    0.3861    0.8509
    0.3098    0.3814    0.7843    0.3361    0.0272    0.0908    0.2402    0.3470    0.7280    0.4187
    0.0162    0.2174    0.0254    0.0573    0.1659    0.3031    0.2824    0.3108    0.2075    0.3889
    0.0545    0.4879    0.7292    0.0348    0.1544    0.1835    0.5579    0.4183    0.1351    0.7623
    0.1128    0.9738    0.2207    0.0963    0.2646    0.7328    0.3136    0.7486    0.8280    0.9750
    0.0454    0.2553    0.3685    0.3063    0.1629    0.0007    0.4660    0.9465    0.2030    0.1194
    0.3775    0.3095    0.3169    0.5606    0.0411    0.5978    0.3288    0.0440    0.4184    0.1855
    0.1015    0.4982    1.0168    0.1310    0.9599    0.8612    0.2308    0.3534    0.0171    0.0954
    0.4168    0.5430    0.5266    0.0125    0.8335    0.8932    0.1671    0.4501    0.7514    0.4530