result:
            PROJECT STATS            
Project Duration

ans =

   3.7750e+05

Project Cost

ans =

   3.6832e+10

Project Overwork

ans =

     0

employees dedication to this project tasks/day
x8 hrs
    0.0530    0.3121    0.5717    0.9386    0.3032    0.4098    0.3062    0.1710    0.0395    0.4269
    0.4762    0.3179    0.1850    0.1325    1.0924    0.1179    0.2126    0.5866    0.3861    0.8509
    0.3098    0.3814    0.7843    0.3361    0.0272    0.0908    0.2402    0.3470    0.7280    0.4187
    0.0162    0.2174    0.0254    0.0573    0.1659    0.3031    0.2824    0.3108    0.2075    0.3889
    0.0545    0.4879    0.7292    0.0348    0.1544    0.1835    0.5579    0.4183    0.1351    0.7623
    0.1128    0.9738    0.2207    0.0963    0.2646    0.7328    0.3136    0.7486    0.8280    0.9750
    0.0454    0.2553    0.3685    0.3063    0.1629    0.0007    0.4660    0.9465    0.2030    0.1194
    0.3775    0.3095    0.3169    0.5606    0.0411    0.5978    0.3288    0.0440    0.4184    0.1855
    0.1015    0.4982    1.0168    0.1310    0.9599    0.8612    0.2308    0.3534    0.0171    0.0954
    0.4168    0.5430    0.5266    0.0125    0.8335    0.8932    0.1671    0.4501    0.7514    0.4530

            PROJECT STATS            
Project Duration

ans =

   3.9417e+05

Project Cost

ans =

   3.9029e+10

Project Overwork

ans =

     0

employees dedication to this project tasks/day
x8 hrs
    0.0237    0.3412    0.2284    0.0409    0.5778    0.7676    0.9866    0.3471    0.5569    0.4957
    0.0659    0.3445    0.0721    0.1317    0.1836    0.6889    0.6241    0.5248    0.5710    0.5544
    0.4494    0.5515    0.1318    0.1988    0.1039    0.2315    0.9553    0.1053    0.5784    0.7835
    0.1619    0.1130    0.3440    0.0610    0.0106    0.3640    0.3289    0.0224    0.2239    0.4302
    0.2595    0.2849    0.2807    0.0428    0.4967    0.2653    0.5098    0.1524    0.0506    0.3256
    0.0002    0.8252    0.5348    0.6757    0.4897    0.2220    0.2099    0.4626    0.7692    0.9053
    0.2738    0.8666    0.0719    0.1797    0.3674    0.8098    0.3458    0.5391    0.1843    0.5931
    0.1834    0.1329    0.2619    0.3035    0.8038    0.4053    0.0930    0.7215    0.6790    0.2927
    0.1198    0.8518    0.1220    0.8992    0.1202    0.1821    0.9762    0.5030    0.1253    0.3448
    0.1708    0.0126    0.2672    0.7156    0.6645    0.0001    0.0985    0.5432    0.0004    0.2185